65.511000
66.157000
64.866000
58.639000
60.511000
61.479000
65.944000
60.671000
66.600000
62.330000
67.042000
64.111000
66.670000
67.269000
64.053000
64.944000
56.818000
60.975000
64.223000
65.678000
58.263000
59.631000
59.081000
64.693000
62.178000
62.938000
60.872000
60.428000
58.975000
65.114000
60.610000
59.589000
63.293000
61.001000
63.297000
69.075000
65.491000
58.942000
64.583000
64.207000
68.434000
58.593000
64.029000
67.205000
58.765000
63.069000
67.204000
63.677000
58.139000
62.104000
67.364000
67.000000
61.687000
58.941000
63.489000
66.420000
59.893000
62.983000
59.299000
62.141000
63.275000
62.147000
60.862000
55.959000
66.651000
59.062000
70.714000
58.850000
62.267000
67.654000
61.550000
63.228000
59.142000
58.769000
58.513000
63.355000
65.908000
66.197000
58.399000
72.473000
62.257000
53.361000
65.668000
63.477000
63.789000
64.989000
64.774000
63.437000
58.604000
61.514000
63.615000
64.934000
64.093000
58.838000
66.065000
67.417000
64.648000
64.231000
65.383000
65.070000
