64.260000
60.611000
62.925000
64.809000
67.761000
71.432000
71.440000
59.636000
71.615000
60.880000
65.402000
71.334000
71.841000
66.058000
70.624000
65.061000
69.392000
65.458000
70.696000
73.501000
73.260000
64.748000
70.595000
71.770000
62.154000
76.661000
68.144000
67.716000
66.955000
71.062000
71.610000
63.485000
70.956000
72.929000
73.035000
69.558000
59.629000
60.972000
66.280000
72.076000
65.878000
72.736000
67.273000
71.969000
63.032000
70.920000
69.315000
67.369000
61.249000
60.631000
63.242000
73.709000
68.424000
71.464000
71.537000
72.472000
60.731000
66.228000
64.861000
73.279000
60.568000
71.535000
61.096000
70.734000
67.257000
70.075000
71.762000
73.526000
68.260000
70.116000
71.295000
76.229000
66.225000
70.562000
72.422000
61.679000
70.804000
66.648000
67.193000
60.751000
60.774000
67.747000
64.391000
63.248000
70.447000
69.154000
59.164000
62.513000
65.484000
73.791000
61.141000
63.855000
64.323000
58.367000
66.203000
66.421000
60.025000
67.191000
62.262000
61.612000
