135.538000
130.733000
126.054000
122.765000
118.061000
125.377000
115.173000
122.451000
125.383000
129.833000
134.793000
123.151000
131.863000
127.870000
123.070000
126.434000
125.436000
122.498000
125.880000
119.139000
128.411000
127.230000
122.220000
122.871000
120.456000
129.853000
128.922000
124.573000
119.681000
129.846000
122.884000
124.776000
124.559000
120.342000
137.734000
118.683000
125.528000
114.083000
119.732000
125.897000
126.967000
118.570000
130.375000
122.946000
123.102000
118.111000
122.663000
126.807000
121.959000
133.168000
126.064000
118.116000
126.414000
114.322000
121.284000
124.542000
120.723000
130.244000
131.493000
122.747000
122.838000
124.857000
125.615000
130.496000
112.142000
119.905000
125.534000
121.933000
123.634000
129.649000
133.201000
123.422000
132.826000
129.610000
126.896000
125.085000
127.495000
126.911000
127.459000
116.951000
117.414000
129.212000
131.168000
125.897000
117.576000
125.201000
125.135000
119.262000
124.242000
130.739000
126.392000
119.469000
133.738000
124.586000
122.568000
130.445000
126.739000
121.886000
121.442000
127.256000
