113.421000
115.302000
106.516000
117.289000
112.662000
119.409000
113.557000
111.942000
109.458000
113.357000
132.400000
117.484000
134.009000
128.062000
116.511000
116.020000
111.606000
115.208000
115.094000
114.564000
112.967000
118.940000
114.423000
110.011000
109.873000
112.802000
116.895000
115.466000
113.694000
108.244000
118.077000
110.189000
115.894000
111.514000
124.021000
116.059000
113.188000
114.049000
113.143000
116.997000
115.955000
110.929000
118.191000
114.354000
116.745000
110.052000
119.560000
120.734000
113.977000
117.189000
112.872000
120.256000
115.581000
108.652000
118.092000
113.473000
112.138000
118.342000
123.006000
115.992000
109.884000
118.814000
117.079000
119.379000
111.236000
113.123000
123.322000
109.571000
115.490000
120.565000
115.676000
117.776000
116.741000
120.241000
110.188000
117.281000
110.559000
117.714000
109.057000
108.454000
115.709000
118.999000
117.768000
113.787000
113.042000
112.977000
108.584000
110.997000
114.787000
113.532000
114.162000
118.962000
115.439000
109.479000
116.620000
118.222000
106.607000
113.429000
116.200000
113.677000
