81.460000
77.446000
78.508000
81.868000
77.311000
79.149000
76.473000
78.066000
79.267000
81.497000
75.054000
73.887000
85.787000
82.782000
77.333000
76.348000
80.750000
77.146000
80.025000
80.293000
79.634000
76.375000
80.130000
79.044000
73.797000
79.868000
75.355000
78.508000
78.220000
81.537000
82.051000
77.452000
81.716000
77.071000
80.992000
75.182000
79.474000
80.043000
83.181000
84.698000
81.901000
84.352000
76.920000
78.670000
75.881000
72.862000
76.920000
80.362000
74.452000
72.662000
78.169000
78.915000
71.677000
74.123000
79.594000
71.356000
74.261000
76.734000
80.935000
76.744000
87.513000
75.026000
81.379000
77.018000
76.622000
72.664000
68.373000
77.874000
78.662000
76.774000
77.906000
75.178000
76.576000
78.610000
77.933000
77.668000
77.197000
77.257000
82.425000
81.311000
74.310000
80.963000
81.395000
77.125000
83.484000
77.750000
79.764000
81.183000
80.928000
81.940000
82.111000
78.363000
74.443000
77.207000
78.393000
83.158000
71.678000
77.217000
79.952000
80.518000
