44.348000
47.045000
46.342000
44.331000
43.314000
45.831000
45.618000
47.605000
47.047000
46.808000
44.121000
45.662000
47.122000
46.742000
44.747000
44.756000
47.375000
45.787000
45.015000
44.257000
46.117000
47.011000
45.011000
47.966000
45.604000
46.597000
43.917000
45.222000
47.575000
46.821000
45.831000
43.990000
44.874000
46.990000
47.315000
47.921000
44.998000
47.725000
44.011000
45.144000
46.473000
46.653000
47.664000
46.401000
47.165000
46.120000
45.314000
47.712000
43.779000
44.545000
47.370000
45.230000
47.886000
45.283000
48.172000
47.377000
47.518000
45.738000
43.752000
47.797000
44.075000
48.848000
47.615000
47.765000
43.719000
45.188000
45.239000
47.029000
50.392000
45.928000
44.003000
43.382000
44.996000
46.431000
48.273000
45.000000
47.160000
46.613000
47.737000
45.796000
47.456000
48.197000
48.068000
48.218000
46.071000
48.100000
46.682000
45.787000
47.537000
47.551000
43.639000
47.211000
45.094000
45.987000
47.909000
50.068000
44.981000
47.346000
44.257000
47.969000
