80.890000
79.780000
84.002000
80.144000
76.499000
77.810000
76.065000
76.342000
79.060000
85.560000
80.668000
81.212000
82.663000
81.215000
82.583000
84.881000
81.582000
81.884000
79.221000
85.831000
81.470000
81.628000
81.120000
79.758000
80.273000
75.202000
82.322000
80.119000
79.746000
80.605000
80.386000
83.901000
80.917000
83.234000
79.658000
79.411000
80.239000
81.965000
80.442000
79.697000
82.212000
85.613000
81.661000
90.305000
78.868000
77.034000
78.704000
82.503000
83.540000
84.884000
87.603000
79.319000
83.444000
82.653000
79.581000
82.998000
81.052000
78.563000
79.152000
81.745000
83.978000
81.418000
75.759000
79.667000
80.827000
85.696000
79.189000
80.494000
73.202000
81.573000
84.090000
81.837000
81.670000
80.628000
77.215000
82.162000
85.395000
81.524000
80.171000
78.791000
82.432000
72.600000
82.292000
80.401000
84.297000
81.093000
81.382000
85.911000
86.649000
81.547000
84.941000
72.838000
83.701000
80.923000
77.840000
82.394000
82.412000
83.034000
78.650000
84.030000
