100.447000
113.842000
106.737000
100.626000
105.702000
111.442000
101.060000
115.933000
102.172000
96.843000
99.140000
106.198000
106.057000
117.735000
112.622000
102.656000
103.659000
108.938000
103.022000
105.396000
106.436000
106.896000
107.952000
106.578000
110.963000
105.309000
126.689000
100.001000
106.915000
108.344000
106.727000
100.982000
101.835000
105.667000
98.923000
102.655000
104.684000
110.431000
106.018000
102.267000
111.270000
111.322000
105.382000
112.998000
114.488000
101.517000
113.129000
104.028000
97.125000
102.619000
103.706000
101.154000
109.472000
105.214000
111.879000
104.134000
103.615000
104.417000
111.490000
106.676000
100.410000
101.442000
98.039000
105.169000
107.442000
109.216000
109.229000
102.608000
104.171000
96.585000
105.222000
113.288000
115.442000
104.794000
107.294000
114.421000
113.224000
102.115000
97.946000
110.333000
103.190000
106.927000
113.219000
105.482000
106.094000
108.191000
105.351000
102.926000
110.656000
105.469000
101.335000
108.200000
107.490000
109.910000
99.025000
99.351000
108.541000
96.374000
105.786000
97.194000
