51.262000
49.974000
50.727000
47.419000
46.794000
49.224000
48.754000
49.624000
49.129000
48.762000
48.570000
47.499000
49.186000
47.054000
49.974000
50.305000
51.798000
49.527000
50.865000
50.908000
46.791000
51.283000
48.213000
49.657000
50.575000
50.286000
48.963000
47.554000
51.238000
50.810000
51.539000
49.837000
48.908000
51.294000
48.865000
51.017000
50.377000
50.184000
48.087000
48.799000
54.083000
52.482000
52.116000
48.304000
50.694000
49.412000
50.907000
50.447000
47.823000
51.672000
50.680000
49.364000
51.416000
51.774000
50.450000
49.324000
50.092000
46.851000
52.883000
50.893000
51.135000
50.489000
48.466000
50.557000
50.079000
51.484000
50.918000
50.227000
46.912000
50.398000
51.300000
52.523000
52.118000
50.257000
47.747000
49.917000
51.995000
48.043000
46.315000
50.573000
50.276000
47.997000
49.349000
46.211000
48.646000
47.804000
48.099000
51.135000
49.717000
47.795000
48.161000
51.535000
51.925000
52.840000
53.743000
51.330000
52.938000
50.155000
49.276000
49.436000
