87.727000
80.622000
81.829000
78.216000
78.640000
80.952000
78.734000
79.717000
78.740000
77.436000
79.788000
79.292000
80.158000
78.332000
82.146000
80.607000
82.899000
80.613000
82.160000
82.090000
83.229000
82.404000
78.440000
83.230000
81.867000
79.764000
83.335000
77.403000
80.953000
82.364000
78.318000
81.982000
81.172000
81.383000
79.640000
79.740000
82.193000
81.308000
77.540000
78.506000
81.661000
81.453000
83.591000
82.041000
81.137000
79.808000
80.193000
81.157000
81.126000
84.254000
82.357000
78.655000
80.813000
84.863000
78.255000
84.166000
78.911000
81.420000
84.601000
81.768000
80.368000
81.254000
81.494000
81.225000
79.720000
82.185000
81.779000
80.072000
80.444000
81.629000
79.290000
79.382000
82.076000
80.844000
83.644000
80.652000
81.505000
80.993000
80.752000
79.533000
84.223000
79.800000
83.364000
80.577000
79.473000
83.515000
80.866000
80.325000
80.433000
78.802000
78.803000
81.348000
80.598000
80.989000
79.296000
78.459000
89.185000
81.879000
83.035000
83.450000
