64.026000
63.049000
58.733000
70.575000
69.912000
64.003000
67.797000
69.853000
63.168000
64.565000
70.478000
66.048000
59.622000
66.429000
62.114000
64.446000
67.611000
62.413000
57.772000
63.721000
60.444000
63.289000
64.302000
66.514000
64.116000
67.416000
64.107000
63.291000
62.840000
60.903000
65.792000
59.278000
66.493000
62.686000
65.497000
65.532000
63.147000
64.944000
65.836000
64.474000
61.969000
61.704000
62.944000
65.640000
64.905000
61.524000
61.575000
70.960000
64.186000
64.470000
64.578000
62.197000
64.589000
67.983000
64.604000
63.279000
67.072000
63.900000
60.758000
68.695000
66.130000
57.907000
70.534000
69.866000
72.216000
67.672000
69.296000
71.719000
64.156000
66.963000
62.941000
68.849000
66.900000
65.561000
65.583000
69.199000
65.561000
72.482000
62.514000
64.417000
64.740000
63.798000
62.150000
67.863000
65.124000
59.654000
64.289000
61.582000
61.537000
65.505000
68.043000
65.589000
68.328000
69.202000
59.745000
66.770000
66.803000
67.227000
62.236000
66.250000
