73.891000
73.672000
72.541000
74.388000
75.652000
76.961000
81.399000
74.066000
73.913000
77.638000
73.667000
81.443000
74.341000
77.118000
79.644000
74.828000
81.378000
74.249000
81.107000
69.044000
73.512000
78.235000
78.986000
68.712000
79.528000
70.692000
76.496000
77.187000
76.070000
78.099000
73.194000
79.521000
71.605000
71.410000
70.547000
81.046000
72.067000
76.943000
75.800000
80.202000
79.626000
76.337000
66.791000
75.823000
82.226000
75.952000
77.792000
80.813000
72.548000
72.210000
75.447000
77.005000
82.738000
77.269000
76.707000
76.865000
69.485000
74.626000
65.490000
76.600000
74.072000
75.783000
74.564000
73.302000
72.950000
68.622000
75.983000
76.265000
83.504000
73.089000
70.102000
74.675000
74.622000
69.379000
67.132000
75.328000
74.581000
67.638000
77.085000
74.552000
79.174000
71.291000
73.864000
68.779000
78.150000
78.442000
76.770000
70.773000
70.092000
77.922000
74.149000
73.260000
73.284000
70.608000
73.581000
71.614000
65.904000
78.738000
79.288000
71.332000
