80.748000
80.756000
82.681000
81.057000
80.619000
81.662000
78.927000
82.084000
80.349000
79.839000
81.012000
80.354000
83.140000
78.958000
82.642000
82.519000
80.318000
79.500000
80.951000
78.570000
79.420000
79.086000
80.989000
82.561000
79.391000
85.623000
80.997000
80.062000
78.575000
82.325000
83.153000
82.261000
77.716000
76.707000
79.490000
81.917000
82.924000
79.234000
78.883000
81.356000
82.848000
77.260000
83.383000
82.476000
80.779000
82.416000
79.939000
79.287000
80.122000
77.835000
81.474000
81.042000
80.874000
82.457000
83.531000
81.420000
82.147000
85.103000
84.537000
78.901000
82.332000
81.852000
82.789000
81.857000
83.117000
79.282000
77.753000
84.269000
81.071000
81.880000
83.260000
78.730000
78.990000
83.881000
80.555000
82.675000
82.976000
79.831000
84.095000
83.180000
81.891000
79.461000
81.289000
79.838000
77.860000
79.202000
78.175000
78.175000
81.173000
80.558000
80.857000
83.065000
80.928000
82.025000
82.195000
82.374000
82.630000
78.028000
85.225000
80.747000
