46.684000
44.929000
47.697000
45.683000
45.581000
48.925000
46.705000
58.400000
49.244000
48.918000
48.988000
45.829000
50.125000
65.464000
45.690000
52.383000
48.665000
47.472000
48.346000
52.724000
51.368000
47.409000
59.446000
44.900000
45.092000
69.338000
49.852000
70.062000
50.306000
44.982000
46.219000
50.244000
46.853000
56.879000
58.227000
45.239000
49.324000
49.898000
50.887000
48.706000
48.298000
50.451000
47.432000
52.260000
47.383000
49.020000
45.541000
51.449000
46.214000
48.849000
47.187000
49.027000
45.184000
48.449000
44.995000
48.516000
53.111000
49.160000
48.573000
51.248000
48.433000
49.204000
46.968000
46.825000
49.432000
46.253000
48.892000
53.001000
48.994000
48.654000
46.214000
44.487000
46.413000
50.654000
48.897000
49.848000
48.626000
49.329000
46.887000
45.515000
47.764000
47.511000
52.607000
48.161000
46.320000
49.674000
48.359000
49.965000
48.773000
49.386000
54.182000
50.507000
48.182000
53.960000
46.749000
46.287000
45.563000
48.726000
45.276000
46.578000
