75.378000
71.401000
71.121000
63.551000
73.274000
67.842000
65.396000
70.207000
66.200000
70.516000
69.343000
74.370000
68.414000
67.636000
74.802000
64.818000
70.264000
65.870000
65.928000
75.025000
67.149000
57.477000
66.480000
68.406000
78.125000
67.939000
73.658000
71.144000
72.076000
70.432000
74.881000
65.981000
72.115000
68.227000
72.112000
68.682000
73.694000
74.789000
59.967000
75.187000
70.091000
68.605000
64.836000
66.001000
76.351000
62.545000
70.641000
62.027000
76.486000
67.398000
72.210000
70.372000
71.246000
66.035000
64.981000
72.337000
66.834000
79.444000
68.527000
65.800000
72.521000
60.514000
72.571000
67.475000
64.745000
67.844000
66.958000
69.232000
74.415000
66.240000
68.822000
70.264000
70.966000
66.044000
69.917000
71.060000
62.846000
66.809000
57.809000
66.533000
69.061000
62.445000
69.026000
64.478000
71.186000
56.095000
64.818000
68.081000
67.832000
62.044000
72.528000
71.612000
74.429000
63.200000
76.286000
66.812000
72.479000
76.992000
65.739000
56.165000
