70.951000
76.698000
75.911000
73.457000
64.725000
64.316000
69.953000
77.464000
61.162000
68.136000
70.115000
69.389000
65.108000
77.348000
72.333000
94.884000
71.097000
70.402000
75.892000
71.068000
70.225000
77.141000
74.735000
71.291000
70.821000
73.067000
73.494000
70.078000
65.378000
73.223000
66.196000
74.945000
66.847000
65.139000
72.232000
69.065000
68.088000
61.685000
60.159000
76.155000
60.323000
75.064000
82.505000
75.854000
62.247000
70.731000
63.919000
76.276000
65.555000
68.542000
73.940000
70.815000
74.301000
68.907000
71.971000
71.450000
61.291000
61.035000
68.400000
67.739000
78.895000
61.688000
60.968000
69.950000
68.718000
62.557000
64.523000
68.440000
63.575000
72.541000
71.520000
67.229000
64.181000
76.121000
67.931000
64.689000
60.245000
69.887000
72.167000
69.235000
77.569000
72.985000
73.420000
68.930000
63.720000
76.285000
58.784000
66.274000
62.682000
65.764000
61.791000
68.041000
77.545000
65.062000
70.117000
70.075000
70.347000
73.792000
63.783000
74.154000
