84.319000
74.575000
80.697000
69.207000
77.772000
78.845000
75.911000
82.895000
71.695000
72.337000
80.967000
75.922000
77.790000
64.765000
71.856000
77.313000
82.865000
71.754000
72.225000
79.773000
81.800000
74.923000
68.086000
76.127000
78.271000
73.454000
76.465000
77.162000
79.418000
68.753000
76.372000
78.291000
84.392000
78.743000
78.319000
74.408000
78.355000
76.726000
64.031000
77.208000
80.615000
79.973000
73.119000
73.183000
74.603000
72.471000
75.513000
78.427000
75.928000
69.635000
73.045000
77.068000
73.701000
74.111000
80.850000
68.091000
72.796000
73.024000
68.846000
78.534000
71.682000
73.879000
73.798000
80.131000
76.829000
72.507000
78.507000
74.645000
58.672000
75.504000
73.273000
61.548000
73.265000
75.001000
67.296000
80.248000
65.553000
76.462000
72.692000
62.833000
71.816000
75.766000
77.664000
73.781000
77.274000
75.923000
78.223000
83.878000
73.454000
81.605000
77.439000
77.224000
78.879000
78.897000
82.411000
74.427000
77.482000
74.119000
76.478000
71.216000
