49.917000
46.434000
47.948000
49.847000
48.294000
49.844000
46.777000
46.589000
47.508000
51.084000
48.169000
51.346000
50.031000
49.250000
50.661000
48.292000
51.277000
50.528000
49.314000
50.693000
51.642000
51.468000
49.684000
50.269000
47.302000
50.576000
49.620000
47.774000
51.052000
46.633000
51.208000
49.252000
49.857000
49.856000
48.571000
50.386000
50.045000
51.309000
49.790000
47.350000
49.846000
53.754000
48.605000
47.243000
47.802000
48.941000
49.168000
48.838000
51.882000
47.315000
53.945000
47.917000
47.278000
51.041000
50.093000
48.261000
48.216000
47.955000
53.317000
47.996000
48.564000
49.871000
49.946000
49.004000
50.062000
51.231000
51.289000
51.653000
48.335000
50.286000
46.637000
51.547000
50.780000
50.838000
51.418000
49.132000
50.565000
51.590000
50.074000
50.903000
48.546000
46.663000
51.516000
51.145000
51.464000
50.002000
48.723000
47.641000
53.412000
51.874000
52.215000
48.939000
50.452000
49.243000
52.350000
50.979000
50.169000
51.142000
51.579000
53.050000
