107.722000
103.046000
115.685000
105.060000
131.800000
103.616000
106.529000
98.835000
110.008000
104.060000
105.229000
105.858000
118.947000
109.609000
102.403000
108.791000
108.629000
112.038000
106.980000
117.571000
108.860000
105.450000
104.528000
105.058000
103.704000
101.503000
111.246000
99.595000
104.048000
104.127000
103.480000
102.450000
102.226000
103.980000
106.486000
101.993000
103.769000
105.205000
107.955000
106.955000
103.886000
107.669000
97.744000
103.883000
104.950000
113.307000
107.830000
105.994000
107.555000
102.751000
112.832000
107.216000
101.569000
111.266000
96.210000
102.767000
109.386000
98.385000
108.359000
109.068000
107.972000
109.383000
103.584000
100.854000
106.323000
103.395000
98.019000
115.341000
104.802000
114.592000
110.363000
109.889000
110.402000
124.673000
98.579000
102.813000
103.135000
105.039000
109.101000
105.598000
104.228000
104.040000
105.109000
108.172000
107.017000
104.650000
118.940000
109.955000
105.300000
106.323000
103.062000
131.610000
121.958000
112.202000
105.824000
101.275000
104.937000
113.345000
105.347000
98.065000
