65.480000
74.312000
63.756000
66.478000
65.089000
64.266000
62.314000
65.641000
65.419000
73.129000
69.684000
69.505000
66.155000
72.588000
64.098000
56.477000
69.219000
68.183000
68.125000
71.245000
64.123000
68.928000
68.479000
66.981000
68.547000
68.331000
61.451000
63.363000
70.357000
62.910000
73.745000
65.454000
71.071000
61.949000
66.655000
66.448000
66.685000
66.483000
70.495000
63.927000
67.478000
62.403000
66.907000
59.414000
62.388000
65.896000
71.618000
65.729000
67.194000
70.631000
62.342000
69.051000
67.211000
60.265000
65.999000
66.147000
64.336000
69.984000
60.244000
73.075000
62.690000
60.119000
71.215000
60.118000
70.284000
59.578000
64.216000
73.529000
64.112000
65.441000
68.542000
67.812000
61.616000
69.925000
69.196000
66.500000
64.502000
70.038000
65.519000
70.391000
71.088000
69.923000
66.216000
67.366000
61.966000
63.202000
64.861000
66.970000
66.526000
70.347000
66.268000
69.993000
63.562000
60.756000
62.701000
59.827000
66.266000
60.506000
67.506000
74.957000
