92.279000
103.336000
95.599000
97.780000
98.713000
105.276000
105.352000
96.059000
95.961000
95.859000
105.017000
103.335000
97.468000
99.415000
102.723000
97.804000
99.432000
90.996000
103.403000
99.486000
109.358000
100.403000
103.345000
99.297000
108.167000
110.442000
100.222000
112.888000
98.568000
92.782000
107.020000
100.680000
96.049000
101.118000
101.091000
98.882000
102.778000
95.106000
105.285000
99.646000
102.570000
92.260000
84.832000
102.541000
107.130000
99.739000
99.503000
97.561000
101.554000
100.815000
90.973000
95.042000
97.660000
99.180000
102.699000
96.049000
100.751000
100.301000
101.677000
91.118000
102.166000
103.794000
94.846000
109.998000
91.720000
94.470000
92.445000
97.808000
101.361000
94.006000
94.812000
92.915000
103.450000
101.511000
98.488000
92.495000
99.187000
100.243000
93.317000
97.582000
98.942000
87.724000
101.540000
98.684000
94.238000
103.413000
94.293000
85.020000
95.793000
98.468000
88.536000
99.090000
99.605000
93.095000
95.731000
96.157000
104.913000
82.778000
108.734000
105.157000
