75.061000
80.643000
75.118000
70.500000
74.809000
67.510000
73.750000
76.537000
70.249000
79.825000
71.561000
77.194000
65.454000
73.825000
70.084000
67.789000
66.228000
80.664000
64.458000
74.714000
74.362000
72.005000
73.480000
70.949000
63.021000
69.547000
78.378000
74.306000
69.016000
71.512000
68.247000
70.873000
68.367000
67.319000
78.855000
73.074000
70.677000
67.642000
72.756000
81.028000
67.173000
64.554000
80.305000
71.203000
67.216000
75.591000
72.884000
73.557000
73.470000
75.570000
52.276000
66.582000
71.976000
66.542000
67.291000
58.782000
64.652000
71.955000
78.314000
72.727000
74.607000
78.018000
64.120000
60.257000
66.540000
72.702000
71.338000
70.940000
73.956000
67.047000
70.913000
69.424000
69.177000
69.455000
71.199000
74.719000
75.468000
73.614000
67.424000
75.319000
68.375000
79.332000
73.175000
73.435000
66.726000
63.022000
68.135000
71.533000
69.349000
69.888000
66.300000
69.802000
74.442000
74.523000
76.801000
71.641000
74.894000
75.605000
62.609000
71.573000
