103.828000
107.147000
103.695000
106.885000
97.595000
103.074000
97.698000
106.422000
110.002000
103.029000
100.099000
99.102000
100.896000
103.712000
106.201000
101.682000
99.450000
108.191000
105.177000
100.471000
94.676000
102.955000
93.445000
106.889000
99.156000
110.096000
100.868000
121.384000
100.138000
92.868000
106.742000
98.423000
102.783000
105.783000
92.833000
103.715000
91.971000
97.287000
104.513000
95.611000
112.532000
96.063000
97.396000
94.765000
100.372000
102.467000
99.836000
98.896000
103.035000
105.570000
97.386000
104.589000
101.270000
109.143000
99.749000
92.346000
102.654000
102.994000
106.679000
102.943000
106.172000
101.744000
109.565000
102.560000
99.034000
102.158000
103.607000
95.736000
104.159000
102.035000
103.523000
97.624000
101.293000
105.541000
100.479000
98.527000
98.396000
92.449000
97.740000
104.093000
104.640000
108.140000
102.446000
105.520000
95.190000
102.232000
99.263000
102.643000
99.810000
103.605000
110.580000
103.632000
100.301000
103.446000
96.680000
100.614000
95.271000
94.902000
100.458000
96.473000
