52.602000
62.614000
63.954000
61.034000
58.389000
65.289000
60.602000
67.743000
67.461000
71.345000
71.662000
60.525000
59.232000
59.183000
61.153000
63.459000
68.318000
65.930000
59.229000
63.263000
60.041000
55.504000
58.827000
62.151000
58.390000
65.770000
62.951000
61.999000
57.593000
67.131000
61.629000
64.603000
66.689000
59.505000
69.170000
63.328000
60.899000
61.872000
62.141000
63.251000
61.943000
55.586000
55.665000
59.636000
56.980000
65.124000
54.485000
57.890000
68.871000
58.362000
69.451000
55.265000
53.505000
51.982000
60.486000
55.723000
62.616000
65.009000
61.449000
68.508000
58.276000
65.949000
60.949000
61.260000
60.908000
64.335000
53.087000
69.185000
67.672000
56.118000
65.590000
64.479000
54.609000
66.176000
56.864000
59.225000
61.880000
62.988000
62.690000
55.641000
57.791000
66.982000
66.913000
51.074000
64.264000
65.590000
60.432000
58.953000
59.734000
52.709000
58.680000
64.796000
63.960000
50.018000
57.591000
62.677000
64.395000
56.015000
68.138000
59.392000
