102.209000
81.065000
83.439000
80.598000
81.604000
101.015000
81.170000
82.430000
81.412000
92.290000
81.122000
81.392000
80.306000
80.365000
80.174000
105.296000
81.314000
97.490000
101.849000
81.146000
81.990000
80.878000
97.088000
103.931000
80.895000
108.721000
81.682000
81.903000
113.048000
81.729000
94.211000
103.471000
81.835000
98.671000
98.454000
82.669000
81.929000
81.205000
110.417000
81.387000
80.067000
80.005000
81.209000
80.749000
81.975000
80.307000
108.013000
79.829000
80.641000
101.662000
79.861000
91.157000
80.959000
82.043000
116.642000
79.154000
93.716000
79.564000
79.960000
79.666000
79.864000
79.690000
112.909000
80.511000
83.700000
82.583000
82.132000
82.137000
82.873000
81.945000
82.571000
83.428000
83.067000
81.623000
81.124000
81.887000
82.501000
81.882000
82.898000
83.647000
86.951000
82.966000
82.975000
82.158000
82.398000
81.210000
82.274000
107.225000
81.423000
81.505000
83.166000
80.662000
110.997000
118.170000
79.849000
81.453000
80.783000
109.552000
107.164000
79.037000
