49.886000
50.227000
67.328000
57.510000
49.473000
50.035000
49.958000
50.007000
52.696000
49.785000
49.896000
49.811000
50.641000
49.055000
49.502000
49.006000
50.467000
50.026000
50.409000
50.448000
50.029000
50.476000
50.028000
64.841000
50.679000
70.226000
54.147000
50.477000
67.440000
57.825000
49.794000
50.282000
50.204000
49.788000
52.733000
50.154000
50.007000
52.278000
49.892000
56.491000
50.003000
59.162000
50.082000
61.418000
50.061000
52.173000
49.992000
61.133000
49.467000
58.625000
50.045000
50.054000
49.838000
50.000000
59.233000
50.722000
50.452000
49.920000
50.430000
50.623000
49.802000
58.547000
54.751000
51.418000
67.100000
50.837000
58.957000
51.135000
61.950000
52.778000
50.416000
51.499000
50.377000
50.790000
50.411000
51.975000
50.289000
51.111000
50.887000
55.750000
51.596000
52.943000
51.072000
51.603000
51.283000
55.762000
53.943000
51.143000
50.141000
50.243000
56.014000
48.931000
64.166000
62.340000
49.208000
49.596000
53.506000
73.177000
49.259000
49.542000
