48.307000
46.259000
50.712000
67.458000
51.265000
46.869000
55.158000
47.472000
60.594000
49.553000
51.763000
48.183000
60.596000
49.482000
49.682000
47.165000
49.693000
49.594000
51.786000
47.048000
50.514000
47.486000
48.882000
60.619000
46.782000
50.472000
63.189000
47.299000
60.158000
48.090000
46.629000
48.546000
46.405000
47.014000
60.309000
46.502000
47.078000
61.779000
47.115000
69.828000
50.393000
46.861000
47.569000
62.678000
48.598000
63.622000
48.127000
57.336000
51.396000
54.373000
49.468000
53.961000
47.194000
48.014000
47.002000
46.979000
54.298000
47.093000
51.684000
50.265000
47.453000
47.920000
49.088000
49.061000
48.833000
49.063000
48.317000
55.826000
48.476000
62.700000
50.361000
49.245000
48.090000
47.950000
52.095000
52.428000
48.517000
48.955000
49.709000
51.945000
48.023000
51.101000
48.788000
49.358000
48.375000
47.854000
48.645000
50.171000
47.135000
55.904000
66.549000
49.703000
63.489000
46.708000
46.778000
53.774000
67.361000
57.345000
47.183000
47.102000
